1 108.106784
2 82.710251
3 81.593004
4 79.603338
5 78.310261
6 77.147777
7 76.167862
8 75.362231
9 74.697360
10 74.110242
11 73.558913
12 73.084761
13 72.712870
14 72.389279
15 72.075367
16 71.766853
17 71.470688
18 71.192467
19 70.934277
20 70.696099
21 70.477534
22 70.278460
23 70.098469
24 69.935784
25 69.786373
26 69.643576
27 69.498126
28 69.338107
29 69.148440
30 68.910807
31 68.607937
32 68.237657
33 67.831399
34 67.449586
35 67.136021
36 66.888878
37 66.687786
38 66.514641
39 66.359817
40 66.224547
41 66.115956
42 66.040284
43 66.001589
44 66.005334
45 66.058797
46 66.167267
47 66.332602
48 66.555001
49 66.834594
50 67.171861
51 67.567678
52 68.024270
53 68.547455
54 69.147942
55 69.838344
56 70.624531
57 71.495686
58 72.422295
59 73.364397
60 74.284451
61 75.158230
62 75.980131
63 76.755043
64 77.476690
65 78.134966
66 78.733571
67 79.277357
68 79.771641
69 80.224684
70 80.643511
71 81.031521
72 81.389210
73 81.715917
74 82.011054
75 82.274498
76 82.506586
77 82.708084
78 82.880214
79 83.024666
80 83.143541
81 83.239225
82 83.314225
83 83.371037
84 83.412049
85 86.602557
86 86.426499
87 86.390686
88 86.381071
89 89.395603
90 89.382517
91 84.650877
92 86.431022
93 86.545290
94 86.670766
95 86.807471
96 89.488810
97 89.586839
98 87.255148
99 87.402758
100 87.540174
101 86.138707
102 87.896613
103 87.988947
104 88.084375
105 88.149371
106 88.346080
107 86.673743
108 88.365277
109 88.652084
110 86.851707
111 88.568285
112 88.923561
113 88.697853
114 89.091180
115 89.156200
116 89.215610
117 87.261936
118 89.024511
119 89.368903
120 89.396493
121 89.418005
122 89.433062
123 89.441591
124 89.443684
125 89.439533
126 89.429395
127 89.413556
128 89.392308
129 89.365934
130 89.334697
131 89.298831
132 89.258532
133 89.213955
134 89.165204
135 89.112323
136 89.055287
137 88.993998
138 88.928282
139 86.741372
140 86.223691
141 88.517240
142 87.197749
143 87.150355
144 87.101396
145 87.047441
146 87.626291
147 88.567306
148 86.821796
149 86.748576
150 85.745885
151 86.582248
152 86.509684
153 85.472915
154 85.088605
155 83.833050
156 84.266806
157 83.558777
158 83.952865
159 83.853010
160 83.836935
161 83.768461
162 84.094219
163 87.119892
164 87.093219
165 84.667147
166 84.668344
167 84.670288
168 83.991282
169 85.477821
170 83.985581
171 84.978517
172 84.262371
173 84.205062
174 84.163740
175 84.125818
176 84.091332
177 84.059691
178 84.030670
179 85.674041
180 86.116566
181 85.952253
182 83.132862
183 83.170588
184 83.029997
185 82.427926
186 83.846072
187 83.476795
188 82.047956
189 84.265698
190 84.134068
191 84.020998
192 83.940065
193 84.411995
194 81.514188
195 78.892159
196 82.201420
197 80.191989
198 81.267314
199 83.152962
200 82.607877
201 82.650105
202 81.141195
203 83.459934
204 83.275347
205 85.879614
206 85.342774
207 80.528498
208 77.355691
209 76.447470
210 76.356590
211 76.361502
212 76.284246
213 76.630846
214 76.396866
215 76.781729
216 76.690810
217 76.649331
218 76.585005
219 76.559092
220 76.880697
221 76.876025
222 76.883903
223 76.698506
224 76.712169
225 76.732404
226 76.767315
227 76.815774
228 76.876474
229 76.947811
230 77.027846
231 77.114328
232 77.204767
233 77.296551
234 77.387086
235 77.473925
236 77.554886
237 77.628114
238 77.692113
239 77.745742
240 77.788196
241 77.818981
242 77.837895
243 77.845020
244 77.840717
245 77.986370
246 77.938065
247 77.884909
248 77.827325
249 77.766276
250 77.702956
251 77.638583
252 77.574257
253 77.510927
254 77.449463
255 77.355942
256 77.268749
257 77.179184
258 77.145730
259 77.117730
260 77.098696
261 77.088400
262 77.085940
263 77.089566
264 77.097019
265 77.105916
266 77.049412
267 77.024190
268 77.034344
269 77.041545
270 77.046292
271 77.049973
272 77.053978
273 77.059628
274 77.068431
275 83.486826
276 82.903268
277 90.219211
278 85.838574
279 76.747832
280 80.348371
281 90.844567
282 78.018968
283 76.750483
284 78.622610
285 76.641035
286 76.638970
287 76.684120
288 76.730736
289 76.789842
290 76.853662
291 79.619199
292 77.056064
293 77.034754
294 77.012342
295 77.058796
296 77.117279
297 77.184572
298 77.258921
299 77.332798
300 77.407338
301 77.481550
302 77.561142
303 77.631227
304 77.713169
305 80.818125
306 79.791243
307 81.834265
308 77.777233
309 77.785037
310 77.697808
311 77.758424
312 77.830787
313 79.604291
314 79.431689
315 79.271350
316 79.089697
317 78.076116
318 77.721749
319 78.125336
320 77.770384
321 77.892881
322 78.040857
323 78.183242
324 78.308255
325 78.412901
326 80.772724
327 79.113153
328 78.380286
329 78.450689
330 78.517185
331 78.572074
332 80.844906
333 79.344103
334 80.453120
335 79.160786
336 78.330987
337 78.452505
338 78.555835
339 80.746639
340 79.469456
341 78.537021
342 80.620744
343 79.361592
344 78.520810
345 78.626360
346 78.858328
347 81.303292
348 80.198268
349 79.661897
350 79.907900
351 80.054506
352 82.220238
353 80.764721
354 80.015315
355 80.014559
356 82.002040
357 83.540383
358 80.405728
359 79.588885
360 79.474997
361 79.371175
362 79.277341
363 79.192313
364 81.043105
365 79.651225
366 78.867166
367 78.854038
368 78.832894
369 78.814482
370 80.676827
371 79.349507
372 78.647053
373 78.674016
374 78.687465
375 78.693823
376 78.695342
377 80.537761
378 79.158062
379 78.533980
380 78.554518
381 78.571652
382 78.593782
383 78.608849
384 78.626522
385 78.647552
386 80.537718
387 79.070104
388 78.513446
389 78.545141
390 78.593028
391 78.649527
392 78.710989
393 78.775093
394 78.840158
395 78.904940
396 78.968560
397 79.030455
398 79.090338
399 79.148160
400 79.204068
401 79.258359
402 79.311449
403 79.363830
404 79.416047
405 79.536794
406 79.590727
407 79.645440
408 79.703143
409 81.917652
410 80.370661
411 79.648054
412 79.714422
413 79.807028
414 79.911622
415 80.023122
416 80.139105
417 80.257848
418 80.377739
419 80.497127
420 80.614336
421 80.727750
422 80.835971
423 80.937926
424 81.033117
425 81.122717
426 81.207902
427 81.290807
428 81.373647
429 81.459367
430 81.549900
431 81.763189
432 84.268001
433 82.475183
434 81.731037
435 81.814629
436 81.916556
437 82.021465
438 82.122323
439 82.215501
440 82.299041
441 82.372007
442 82.434193
443 82.485938
444 85.017158
445 82.996529
446 82.364680
447 82.382656
448 82.412997
449 82.445424
450 82.476592
451 82.505758
452 82.532084
453 82.555689
454 82.576655
455 82.595081
456 82.611133
457 82.625041
458 82.637088
459 82.647596
460 82.656903
461 82.665352
462 82.673275
463 82.680982
464 82.688755
465 82.696845
466 82.705468
467 82.714806
468 82.725010
469 82.736204
470 82.748483
471 82.761922
472 82.776577
473 82.792490
474 82.809691
475 82.828201
476 82.848036
477 82.869210
478 82.891732
479 84.228018
480 86.215622
481 84.874070
482 82.773871
483 83.234935
484 85.698944
485 84.618754
486 84.042420
487 86.763197
488 86.046706
489 85.552387
490 85.262743
491 85.063852
492 84.930217
493 84.848214
494 84.804295
495 84.786705
496 84.786524
497 84.797666
498 84.816393
499 84.840666
500 84.869505
501 84.902411
502 84.938888
503 84.978108
504 85.018764
505 85.059206
506 85.097865
507 85.133835
508 85.167348
509 85.199851
510 85.233602
511 85.271038
512 85.314230
513 85.364575
514 85.422671
515 85.488248
516 85.560140
517 85.636354
518 85.714298
519 85.791158
520 85.864320
521 85.931719
522 85.992033
523 86.044720
524 86.089940
525 86.128354
526 86.160835
527 86.188180
528 86.211007
529 86.230051
530 86.246832
531 86.264331
532 86.286945
533 86.319386
534 86.365150
535 86.425620
536 86.500203
537 88.944805
538 85.568405
539 89.000729
540 85.562377
541 88.838648
542 85.515566
543 88.741927
544 85.458977
545 88.697029
546 85.411928
547 86.146183
548 88.735103
549 85.437479
550 88.335894
551 88.584230
552 85.332136
553 88.230218
554 88.500441
555 85.284476
556 86.113952
557 88.757324
558 85.384341
559 86.377721
560 88.991245
561 85.482063
562 86.669714
563 88.811043
564 89.155458
565 85.576018
566 87.054184
567 89.475284
568 85.904002
569 87.935612
570 90.423910
571 91.155703
572 92.605031
573 97.233368
574 100.274455
575 99.141661
576 98.137330
577 98.334611
578 98.262838
579 97.866013
580 98.235884
581 97.897499
582 98.290765
583 97.967358
584 98.363417
585 98.040059
586 98.429528
587 98.101934
588 98.481828
589 98.149709
590 98.519790
591 98.184238
592 98.212996
593 98.561557
594 98.225623
595 98.245731
596 98.578009
597 98.244549
598 98.615916
599 98.234563
600 98.570848
601 98.511501
602 98.165242
603 98.175045
604 98.246549
605 98.504062
606 98.175307
607 98.489515
608 98.164151
609 98.166146
610 98.167440
611 98.167556
612 98.455782
613 98.152502
614 98.151121
615 98.150001
616 98.148719
617 98.275452
618 97.997456
619 98.159298
620 98.146674
621 98.271197
622 98.019752
623 98.001248
624 97.997061
625 97.999193
626 98.001045
627 98.002734
628 98.004354
629 98.006004
630 98.282815
631 98.030102
632 98.029661
633 98.030593
634 98.032128
635 98.034026
636 98.229489
637 98.027956
638 98.082817
639 98.032688
640 98.037763
641 98.038151
642 98.039502
643 98.238404
644 98.028193
645 98.023617
646 98.025646
647 98.027794
648 98.093999
649 98.040595
650 98.046715
651 98.047830
652 98.227941
653 97.992808
654 97.994870
655 97.999668
656 98.001396
657 98.003594
658 98.006092
659 98.008869
660 98.011904
661 98.009270
662 98.012846
663 98.016643
664 98.020645
665 98.024836
666 98.029200
667 98.033721
668 98.038383
669 98.043171
670 98.048072
671 98.053071
672 98.058157
673 98.065463
674 98.074599
675 98.079837
676 98.085163
677 98.090499
678 98.095854
679 98.101228
680 98.106619
681 98.112023
682 98.117436
683 98.122856
684 98.128277
685 98.133698
686 98.139113
687 98.144522
688 98.149919
689 98.155304
690 98.160673
691 98.166024
692 98.171355
693 98.176664
694 98.181949
695 98.187209
696 98.192441
697 98.197644
698 98.202817
699 98.207958
700 98.213066
701 98.218139
702 98.223177
703 98.228178
704 98.233141
705 98.238065
706 98.240646
707 98.245616
708 98.250547
709 98.253015
710 98.257418
711 98.257400
712 98.270603
713 98.274531
714 98.274187
715 98.278748
716 98.282330
717 98.283255
718 98.293502
719 98.297686
720 98.301930
721 98.306090
722 98.310297
723 98.309624
724 98.319771
725 98.323574
726 98.327453
727 98.332282
728 98.330220
729 98.340293
730 98.343789
731 98.347374
732 98.352957
733 98.349394
734 98.359403
735 98.362610
736 98.365921
737 98.369164
738 98.375925
739 98.370356
740 98.380319
741 98.383221
742 98.386249
743 98.394127
744 98.386812
745 98.396757
746 98.399434
747 98.402252
748 98.405018
749 98.414595
750 98.404927
751 98.414897
752 98.417366
753 98.420002
754 98.422594
755 98.434214
756 98.421975
757 98.432033
758 98.434363
759 98.436881
760 98.439371
761 98.453441
762 98.438375
763 98.448591
764 98.450865
765 98.453351
766 98.455825
767 98.472819
768 98.454625
769 98.465085
770 98.467397
771 98.469948
772 98.472505
773 98.475093
774 98.496319
775 98.473915
776 98.484800
777 98.487306
778 98.490082
779 98.470574
780 98.491381
781 98.455687
782 98.453235
783 98.458307
784 98.463145
785 98.467849
786 98.472543
787 98.477234
788 98.481932
789 98.486648
790 98.496277
791 98.493897
792 98.499086
793 98.504026
794 98.509048
795 98.514138
796 98.519314
797 98.524589
798 98.529975
799 98.535486
800 98.541137
801 98.546945
802 98.552927
803 98.559102
804 98.565493
805 98.572124
806 98.579022
807 98.586220
808 98.593753
809 98.601663
810 98.610000
811 98.618819
812 98.628190
813 98.638192
814 98.648922
815 98.660499
816 98.673177
817 98.686905
818 98.702027
819 98.770285
820 98.742820
821 98.757356
822 98.781768
823 98.809890
824 98.842889
825 98.882117
826 98.929442
827 98.987423
828 99.059567
829 99.150603
830 99.266546
831 99.413898
832 99.596353
833 99.806925
834 100.018471
835 100.189061
836 100.296220
837 100.399745
838 100.532162
839 100.702713
840 100.857901
841 100.973441
842 101.051129
843 101.100570
844 101.131408
845 101.151428
846 101.166336
847 101.179790
848 101.193348
849 101.206450
850 101.216617
851 101.219351
852 101.211828
853 101.188712
854 101.144313
855 101.069092
856 100.946868
857 100.756395
858 100.480897
859 100.121580
860 99.704497
861 99.235184
862 98.836502
863 98.525487
864 98.327878
865 98.205763
866 98.092431
867 97.947178
868 97.825656
869 97.754443
870 97.720608
871 97.711139
872 97.760032
873 97.738150
874 97.758666
875 97.789495
876 97.825974
877 97.868002
878 97.915654
879 97.969998
880 98.034202
881 98.100367
882 98.178931
883 98.269197
884 98.374525
885 98.499071
886 98.689651
887 98.834522
888 99.061946
889 99.353368
890 99.735049
891 100.251538
892 100.974889
893 102.050417
894 103.562189
895 105.788792
896 108.741085
897 111.875678
898 114.051633
899 114.924008
900 115.102073